  2.0000e+00  5.9290e+03  7.7000e+01
  4.0000e+00  2.7100e+03  5.2058e+01
  6.0000e+00  1.6920e+03  4.1134e+01
  8.0000e+00  4.9870e+03  7.0619e+01
  1.0000e+01  1.3197e+04  1.1488e+02
  1.2000e+01  2.5640e+04  1.6012e+02
  1.4000e+01  3.8114e+04  1.9523e+02
  1.6000e+01  4.5798e+04  2.1400e+02
  1.8000e+01  4.7419e+04  2.1776e+02
  2.0000e+01  4.3670e+04  2.0897e+02
  2.2000e+01  3.6335e+04  1.9062e+02
  2.4000e+01  2.8796e+04  1.6969e+02
  2.6000e+01  2.1683e+04  1.4725e+02
  2.8000e+01  1.5195e+04  1.2327e+02
  3.0000e+01  1.0224e+04  1.0111e+02
  3.2000e+01  6.8840e+03  8.2970e+01
  3.4000e+01  4.2090e+03  6.4877e+01
  3.6000e+01  2.6560e+03  5.1536e+01
  3.8000e+01  1.5090e+03  3.8846e+01
  4.0000e+01  9.1800e+02  3.0299e+01
  4.2000e+01  4.4100e+02  2.1000e+01
  4.4000e+01  2.5800e+02  1.6062e+01
  4.6000e+01  1.4300e+02  1.1958e+01
  4.8000e+01  6.4000e+01  8.0000e+00
  5.0000e+01  3.8000e+01  6.1644e+00
  5.2000e+01  1.3000e+01  3.6056e+00
  5.4000e+01  6.0000e+00  2.4495e+00
  5.6000e+01  3.0000e+00  1.7321e+00
