 -5.0000e-01  0.0000e+00  0.0000e+00
  5.0000e-01  0.0000e+00  0.0000e+00
  1.5000e+00  0.0000e+00  0.0000e+00
  2.5000e+00  0.0000e+00  0.0000e+00
  3.5000e+00  0.0000e+00  0.0000e+00
  4.5000e+00  4.0000e+00  2.0000e+00
  5.5000e+00  2.4000e+01  4.8990e+00
  6.5000e+00  1.0000e+01  3.1623e+00
  7.5000e+00  1.2100e+02  1.1000e+01
  8.5000e+00  2.5000e+01  5.0000e+00
  9.5000e+00  3.2500e+02  1.8028e+01
  1.0500e+01  6.8000e+01  8.2462e+00
  1.1500e+01  6.4300e+02  2.5357e+01
  1.2500e+01  1.3300e+02  1.1533e+01
  1.3500e+01  8.3400e+02  2.8879e+01
  1.4500e+01  1.7000e+02  1.3038e+01
  1.5500e+01  1.0990e+03  3.3151e+01
  1.6500e+01  2.2400e+02  1.4967e+01
  1.7500e+01  1.1440e+03  3.3823e+01
  1.8500e+01  2.0000e+02  1.4142e+01
  1.9500e+01  1.0380e+03  3.2218e+01
  2.0500e+01  1.8400e+02  1.3565e+01
  2.1500e+01  8.7700e+02  2.9614e+01
  2.2500e+01  1.8400e+02  1.3565e+01
  2.3500e+01  6.6800e+02  2.5846e+01
  2.4500e+01  1.2700e+02  1.1269e+01
  2.5500e+01  5.4100e+02  2.3259e+01
  2.6500e+01  1.1000e+02  1.0488e+01
  2.7500e+01  3.9600e+02  1.9900e+01
  2.8500e+01  6.5000e+01  8.0623e+00
  2.9500e+01  2.5100e+02  1.5843e+01
  3.0500e+01  3.9000e+01  6.2450e+00
  3.1500e+01  1.7400e+02  1.3191e+01
  3.2500e+01  2.1000e+01  4.5826e+00
  3.3500e+01  1.1000e+02  1.0488e+01
  3.4500e+01  1.8000e+01  4.2426e+00
  3.5500e+01  5.8000e+01  7.6158e+00
  3.6500e+01  9.0000e+00  3.0000e+00
  3.7500e+01  4.6000e+01  6.7823e+00
  3.8500e+01  4.0000e+00  2.0000e+00
  3.9500e+01  1.9000e+01  4.3589e+00
  4.0500e+01  4.0000e+00  2.0000e+00
  4.1500e+01  1.1000e+01  3.3166e+00
  4.2500e+01  1.0000e+00  1.0000e+00
  4.3500e+01  8.0000e+00  2.8284e+00
  4.4500e+01  2.0000e+00  1.4142e+00
  4.5500e+01  3.0000e+00  1.7321e+00
  4.6500e+01  3.0000e+00  1.7321e+00
  4.7500e+01  1.0000e+00  1.0000e+00
  4.8500e+01  0.0000e+00  0.0000e+00
  4.9500e+01  2.0000e+00  1.4142e+00
  5.0500e+01  0.0000e+00  0.0000e+00
  5.1500e+01  1.0000e+00  1.0000e+00
  5.2500e+01  0.0000e+00  0.0000e+00
  5.3500e+01  0.0000e+00  0.0000e+00
  5.4500e+01  1.0000e+00  1.0000e+00
  5.5500e+01  0.0000e+00  0.0000e+00
  5.6500e+01  0.0000e+00  0.0000e+00
  5.7500e+01  0.0000e+00  0.0000e+00
  5.8500e+01  0.0000e+00  0.0000e+00
  5.9500e+01  0.0000e+00  0.0000e+00
  6.0500e+01  0.0000e+00  0.0000e+00
  6.1500e+01  0.0000e+00  0.0000e+00
  6.2500e+01  0.0000e+00  0.0000e+00
  6.3500e+01  0.0000e+00  0.0000e+00
  6.4500e+01  0.0000e+00  0.0000e+00
  6.5500e+01  0.0000e+00  0.0000e+00
  6.6500e+01  0.0000e+00  0.0000e+00
  6.7500e+01  0.0000e+00  0.0000e+00
  6.8500e+01  0.0000e+00  0.0000e+00
  6.9500e+01  0.0000e+00  0.0000e+00
  7.0500e+01  0.0000e+00  0.0000e+00
  7.1500e+01  0.0000e+00  0.0000e+00
  7.2500e+01  0.0000e+00  0.0000e+00
  7.3500e+01  0.0000e+00  0.0000e+00
  7.4500e+01  0.0000e+00  0.0000e+00
  7.5500e+01  0.0000e+00  0.0000e+00
  7.6500e+01  0.0000e+00  0.0000e+00
  7.7500e+01  0.0000e+00  0.0000e+00
  7.8500e+01  0.0000e+00  0.0000e+00
  7.9500e+01  0.0000e+00  0.0000e+00
  8.0500e+01  0.0000e+00  0.0000e+00
  8.1500e+01  0.0000e+00  0.0000e+00
  8.2500e+01  0.0000e+00  0.0000e+00
  8.3500e+01  0.0000e+00  0.0000e+00
  8.4500e+01  0.0000e+00  0.0000e+00
  8.5500e+01  0.0000e+00  0.0000e+00
  8.6500e+01  0.0000e+00  0.0000e+00
  8.7500e+01  0.0000e+00  0.0000e+00
  8.8500e+01  0.0000e+00  0.0000e+00
  8.9500e+01  0.0000e+00  0.0000e+00
  9.0500e+01  0.0000e+00  0.0000e+00
  9.1500e+01  0.0000e+00  0.0000e+00
  9.2500e+01  0.0000e+00  0.0000e+00
  9.3500e+01  0.0000e+00  0.0000e+00
  9.4500e+01  0.0000e+00  0.0000e+00
  9.5500e+01  0.0000e+00  0.0000e+00
  9.6500e+01  0.0000e+00  0.0000e+00
  9.7500e+01  0.0000e+00  0.0000e+00
  9.8500e+01  0.0000e+00  0.0000e+00
