  2.0000e+00  1.1800e+02  1.0863e+01
  4.0000e+00  5.2000e+01  7.2111e+00
  6.0000e+00  3.0000e+01  5.4772e+00
  8.0000e+00  1.1800e+02  1.0863e+01
  1.0000e+01  2.5600e+02  1.6000e+01
  1.2000e+01  5.3500e+02  2.3130e+01
  1.4000e+01  7.6700e+02  2.7695e+01
  1.6000e+01  8.5500e+02  2.9240e+01
  1.8000e+01  1.0230e+03  3.1984e+01
  2.0000e+01  8.6400e+02  2.9394e+01
  2.2000e+01  7.4300e+02  2.7258e+01
  2.4000e+01  5.3000e+02  2.3022e+01
  2.6000e+01  4.7100e+02  2.1703e+01
  2.8000e+01  2.8800e+02  1.6971e+01
  3.0000e+01  1.9200e+02  1.3856e+01
  3.2000e+01  1.4000e+02  1.1832e+01
  3.4000e+01  9.5000e+01  9.7468e+00
  3.6000e+01  5.0000e+01  7.0711e+00
  3.8000e+01  3.2000e+01  5.6569e+00
  4.0000e+01  1.4000e+01  3.7417e+00
  4.2000e+01  1.5000e+01  3.8730e+00
  4.4000e+01  8.0000e+00  2.8284e+00
  4.6000e+01  3.0000e+00  1.7321e+00
  4.8000e+01  0.0000e+00  0.0000e+00
  5.0000e+01  0.0000e+00  0.0000e+00
  5.2000e+01  0.0000e+00  0.0000e+00
  5.4000e+01  0.0000e+00  0.0000e+00
  5.6000e+01  0.0000e+00  0.0000e+00
