  2.9643e+00  2.3800e+03  4.8785e+01
  4.8929e+00  1.0750e+03  3.2787e+01
  6.8214e+00  6.9200e+02  2.6306e+01
  8.7500e+00  1.9210e+03  4.3829e+01
  1.0679e+01  5.2180e+03  7.2236e+01
  1.2607e+01  1.0195e+04  1.0097e+02
  1.4536e+01  1.5164e+04  1.2314e+02
  1.6464e+01  1.8269e+04  1.3516e+02
  1.8393e+01  1.9207e+04  1.3859e+02
  2.0321e+01  1.7308e+04  1.3156e+02
  2.2250e+01  1.4535e+04  1.2056e+02
  2.4179e+01  1.1513e+04  1.0730e+02
  2.6107e+01  8.6920e+03  9.3231e+01
  2.8036e+01  5.1210e+03  7.1561e+01
  2.9964e+01  4.4230e+03  6.6506e+01
  3.1893e+01  3.0060e+03  5.4827e+01
  3.3821e+01  1.8640e+03  4.3174e+01
  3.5750e+01  1.1290e+03  3.3601e+01
  3.7679e+01  6.6900e+02  2.5865e+01
  3.9607e+01  4.1700e+02  2.0421e+01
  4.1536e+01  2.1400e+02  1.4629e+01
  4.3464e+01  9.3000e+01  9.6437e+00
  4.5393e+01  6.9000e+01  8.3066e+00
  4.7321e+01  3.1000e+01  5.5678e+00
  4.9250e+01  1.5000e+01  3.8730e+00
  5.1179e+01  6.0000e+00  2.4495e+00
  5.3107e+01  3.0000e+00  1.7321e+00
  5.5036e+01  0.0000e+00  0.0000e+00
