  1.2037e+00  2.9400e+02  1.7146e+01
  3.6111e+00  2.7000e+01  5.1962e+00
  6.0185e+00  2.9000e+01  5.3852e+00
  8.4259e+00  1.6000e+01  4.0000e+00
  1.0833e+01  5.9000e+01  7.6811e+00
  1.3241e+01  5.4000e+01  7.3485e+00
  1.5648e+01  7.7000e+01  8.7750e+00
  1.8056e+01  1.3400e+02  1.1576e+01
  2.0463e+01  1.8600e+02  1.3638e+01
  2.2870e+01  6.0200e+02  2.4536e+01
  2.5278e+01  4.1900e+02  2.0469e+01
  2.7685e+01  4.4400e+02  2.1071e+01
  3.0093e+01  5.1500e+02  2.2694e+01
  3.2500e+01  5.0400e+02  2.2450e+01
  3.4907e+01  8.4500e+02  2.9069e+01
  3.7315e+01  3.2600e+02  1.8055e+01
  3.9722e+01  2.7000e+02  1.6432e+01
  4.2130e+01  2.5000e+02  1.5811e+01
  4.4537e+01  2.0600e+02  1.4353e+01
  4.6944e+01  3.0100e+02  1.7349e+01
  4.9352e+01  1.3600e+02  1.1662e+01
  5.1759e+01  1.2000e+02  1.0954e+01
  5.4167e+01  9.8000e+01  9.8995e+00
  5.6574e+01  1.1600e+02  1.0770e+01
  5.8981e+01  1.5700e+02  1.2530e+01
  6.1389e+01  7.3000e+01  8.5440e+00
  6.3796e+01  7.3000e+01  8.5440e+00
  6.6204e+01  5.1000e+01  7.1414e+00
  6.8611e+01  4.8000e+01  6.9282e+00
  7.1019e+01  8.1000e+01  9.0000e+00
  7.3426e+01  3.8000e+01  6.1644e+00
  7.5833e+01  3.9000e+01  6.2450e+00
  7.8241e+01  2.7000e+01  5.1962e+00
  8.0648e+01  2.1000e+01  4.5826e+00
  8.3056e+01  4.9000e+01  7.0000e+00
  8.5463e+01  1.8000e+01  4.2426e+00
  8.7870e+01  1.9000e+01  4.3589e+00
  9.0278e+01  1.1000e+01  3.3166e+00
  9.2685e+01  9.0000e+00  3.0000e+00
  9.5093e+01  3.3000e+01  5.7446e+00
  9.7500e+01  1.3000e+01  3.6056e+00
  9.9907e+01  8.0000e+00  2.8284e+00
  1.0231e+02  5.0000e+00  2.2361e+00
  1.0472e+02  8.0000e+00  2.8284e+00
  1.0713e+02  6.0000e+00  2.4495e+00
  1.0954e+02  6.0000e+00  2.4495e+00
  1.1194e+02  2.0000e+00  1.4142e+00
  1.1435e+02  2.0000e+00  1.4142e+00
  1.1676e+02  1.0000e+00  1.0000e+00
  1.1917e+02  2.0000e+00  1.4142e+00
  1.2157e+02  3.0000e+00  1.7321e+00
  1.2398e+02  0.0000e+00  0.0000e+00
  1.2639e+02  1.0000e+00  1.0000e+00
  1.2880e+02  1.0000e+00  1.0000e+00
