  1.2037e+00  0.0000e+00  0.0000e+00
  3.6111e+00  1.0000e+00  1.0000e+00
  6.0185e+00  1.0000e+00  1.0000e+00
  8.4259e+00  2.0000e+00  1.4142e+00
  1.0833e+01  2.6000e+01  5.0990e+00
  1.3241e+01  2.5000e+01  5.0000e+00
  1.5648e+01  4.6000e+01  6.7823e+00
  1.8056e+01  7.7000e+01  8.7750e+00
  2.0463e+01  1.5300e+02  1.2369e+01
  2.2870e+01  5.1900e+02  2.2782e+01
  2.5278e+01  3.3700e+02  1.8358e+01
  2.7685e+01  3.6000e+02  1.8974e+01
  3.0093e+01  4.4000e+02  2.0976e+01
  3.2500e+01  4.1100e+02  2.0273e+01
  3.4907e+01  7.6300e+02  2.7622e+01
  3.7315e+01  3.0800e+02  1.7550e+01
  3.9722e+01  2.4300e+02  1.5588e+01
  4.2130e+01  2.4100e+02  1.5524e+01
  4.4537e+01  2.0500e+02  1.4318e+01
  4.6944e+01  3.8900e+02  1.9723e+01
  4.9352e+01  1.8400e+02  1.3565e+01
  5.1759e+01  1.6300e+02  1.2767e+01
  5.4167e+01  1.5200e+02  1.2329e+01
  5.6574e+01  1.4000e+02  1.1832e+01
  5.8981e+01  2.5700e+02  1.6031e+01
  6.1389e+01  1.1600e+02  1.0770e+01
  6.3796e+01  1.0800e+02  1.0392e+01
  6.6204e+01  1.1900e+02  1.0909e+01
  6.8611e+01  9.1000e+01  9.5394e+00
  7.1019e+01  1.6800e+02  1.2961e+01
  7.3426e+01  8.2000e+01  9.0554e+00
  7.5833e+01  7.0000e+01  8.3666e+00
  7.8241e+01  5.6000e+01  7.4833e+00
  8.0648e+01  6.4000e+01  8.0000e+00
  8.3056e+01  9.0000e+01  9.4868e+00
  8.5463e+01  3.8000e+01  6.1644e+00
  8.7870e+01  5.2000e+01  7.2111e+00
  9.0278e+01  3.7000e+01  6.0828e+00
  9.2685e+01  3.5000e+01  5.9161e+00
  9.5093e+01  6.5000e+01  8.0623e+00
  9.7500e+01  2.0000e+01  4.4721e+00
  9.9907e+01  2.8000e+01  5.2915e+00
  1.0231e+02  2.3000e+01  4.7958e+00
  1.0472e+02  2.1000e+01  4.5826e+00
  1.0713e+02  3.3000e+01  5.7446e+00
  1.0954e+02  1.4000e+01  3.7417e+00
  1.1194e+02  1.1000e+01  3.3166e+00
  1.1435e+02  8.0000e+00  2.8284e+00
  1.1676e+02  7.0000e+00  2.6458e+00
  1.1917e+02  1.2000e+01  3.4641e+00
  1.2157e+02  2.0000e+00  1.4142e+00
  1.2398e+02  7.0000e+00  2.6458e+00
  1.2639e+02  2.0000e+00  1.4142e+00
  1.2880e+02  4.0000e+00  2.0000e+00
