  1.2037e+00  0.0000e+00  0.0000e+00
  3.6111e+00  0.0000e+00  0.0000e+00
  6.0185e+00  0.0000e+00  0.0000e+00
  8.4259e+00  2.0000e+00  1.4142e+00
  1.0833e+01  1.1000e+01  3.3166e+00
  1.3241e+01  3.0000e+01  5.4772e+00
  1.5648e+01  6.7000e+01  8.1854e+00
  1.8056e+01  9.6000e+01  9.7980e+00
  2.0463e+01  1.7000e+02  1.3038e+01
  2.2870e+01  6.6400e+02  2.5768e+01
  2.5278e+01  4.6400e+02  2.1541e+01
  2.7685e+01  5.4500e+02  2.3345e+01
  3.0093e+01  6.2100e+02  2.4920e+01
  3.2500e+01  5.7800e+02  2.4042e+01
  3.4907e+01  9.0900e+02  3.0150e+01
  3.7315e+01  3.3700e+02  1.8358e+01
  3.9722e+01  2.7900e+02  1.6703e+01
  4.2130e+01  2.5000e+02  1.5811e+01
  4.4537e+01  2.0700e+02  1.4387e+01
  4.6944e+01  3.2000e+02  1.7889e+01
  4.9352e+01  1.2800e+02  1.1314e+01
  5.1759e+01  1.3600e+02  1.1662e+01
  5.4167e+01  1.2700e+02  1.1269e+01
  5.6574e+01  9.5000e+01  9.7468e+00
  5.8981e+01  1.7200e+02  1.3115e+01
  6.1389e+01  7.8000e+01  8.8318e+00
  6.3796e+01  7.9000e+01  8.8882e+00
  6.6204e+01  5.8000e+01  7.6158e+00
  6.8611e+01  3.6000e+01  6.0000e+00
  7.1019e+01  8.0000e+01  8.9443e+00
  7.3426e+01  3.1000e+01  5.5678e+00
  7.5833e+01  3.2000e+01  5.6569e+00
  7.8241e+01  2.9000e+01  5.3852e+00
  8.0648e+01  1.7000e+01  4.1231e+00
  8.3056e+01  5.2000e+01  7.2111e+00
  8.5463e+01  2.2000e+01  4.6904e+00
  8.7870e+01  2.2000e+01  4.6904e+00
  9.0278e+01  9.0000e+00  3.0000e+00
  9.2685e+01  1.5000e+01  3.8730e+00
  9.5093e+01  1.3000e+01  3.6056e+00
  9.7500e+01  6.0000e+00  2.4495e+00
  9.9907e+01  1.1000e+01  3.3166e+00
  1.0231e+02  8.0000e+00  2.8284e+00
  1.0472e+02  8.0000e+00  2.8284e+00
  1.0713e+02  5.0000e+00  2.2361e+00
  1.0954e+02  2.0000e+00  1.4142e+00
  1.1194e+02  4.0000e+00  2.0000e+00
  1.1435e+02  1.0000e+00  1.0000e+00
  1.1676e+02  0.0000e+00  0.0000e+00
  1.1917e+02  3.0000e+00  1.7321e+00
  1.2157e+02  3.0000e+00  1.7321e+00
  1.2398e+02  1.0000e+00  1.0000e+00
  1.2639e+02  2.0000e+00  1.4142e+00
  1.2880e+02  0.0000e+00  0.0000e+00
