  1.2037e+00  1.5240e+03  3.9038e+01
  3.6111e+00  2.1400e+02  1.4629e+01
  6.0185e+00  1.3900e+02  1.1790e+01
  8.4259e+00  1.3200e+02  1.1489e+01
  1.0833e+01  2.7100e+02  1.6462e+01
  1.3241e+01  1.2600e+02  1.1225e+01
  1.5648e+01  1.5800e+02  1.2570e+01
  1.8056e+01  1.4200e+02  1.1916e+01
  2.0463e+01  1.9100e+02  1.3820e+01
  2.2870e+01  4.1600e+02  2.0396e+01
  2.5278e+01  2.1900e+02  1.4799e+01
  2.7685e+01  2.6400e+02  1.6248e+01
  3.0093e+01  2.6500e+02  1.6279e+01
  3.2500e+01  2.6100e+02  1.6155e+01
  3.4907e+01  4.1800e+02  2.0445e+01
  3.7315e+01  1.7200e+02  1.3115e+01
  3.9722e+01  1.6200e+02  1.2728e+01
  4.2130e+01  1.3500e+02  1.1619e+01
  4.4537e+01  1.1200e+02  1.0583e+01
  4.6944e+01  2.0700e+02  1.4387e+01
  4.9352e+01  1.0100e+02  1.0050e+01
  5.1759e+01  8.0000e+01  8.9443e+00
  5.4167e+01  7.9000e+01  8.8882e+00
  5.6574e+01  8.0000e+01  8.9443e+00
  5.8981e+01  1.5000e+02  1.2247e+01
  6.1389e+01  6.8000e+01  8.2462e+00
  6.3796e+01  6.5000e+01  8.0623e+00
  6.6204e+01  5.5000e+01  7.4162e+00
  6.8611e+01  5.3000e+01  7.2801e+00
  7.1019e+01  1.0600e+02  1.0296e+01
  7.3426e+01  3.8000e+01  6.1644e+00
  7.5833e+01  5.2000e+01  7.2111e+00
  7.8241e+01  4.4000e+01  6.6332e+00
  8.0648e+01  4.0000e+01  6.3246e+00
  8.3056e+01  6.6000e+01  8.1240e+00
  8.5463e+01  2.5000e+01  5.0000e+00
  8.7870e+01  2.5000e+01  5.0000e+00
  9.0278e+01  2.1000e+01  4.5826e+00
  9.2685e+01  1.8000e+01  4.2426e+00
  9.5093e+01  2.2000e+01  4.6904e+00
  9.7500e+01  1.7000e+01  4.1231e+00
  9.9907e+01  1.5000e+01  3.8730e+00
  1.0231e+02  1.1000e+01  3.3166e+00
  1.0472e+02  7.0000e+00  2.6458e+00
  1.0713e+02  2.6000e+01  5.0990e+00
  1.0954e+02  1.0000e+01  3.1623e+00
  1.1194e+02  1.1000e+01  3.3166e+00
  1.1435e+02  1.0000e+01  3.1623e+00
  1.1676e+02  2.0000e+00  1.4142e+00
  1.1917e+02  1.0000e+00  1.0000e+00
  1.2157e+02  2.0000e+00  1.4142e+00
  1.2398e+02  0.0000e+00  0.0000e+00
  1.2639e+02  3.0000e+00  1.7321e+00
  1.2880e+02  2.0000e+00  1.4142e+00
