  5.0000e-01  0.0000e+00  0.0000e+00
  1.5000e+00  1.8480e+03  4.2988e+01
  2.5000e+00  1.2520e+03  3.5384e+01
  3.5000e+00  1.3720e+04  1.1713e+02
  4.5000e+00  5.4817e+04  2.3413e+02
  5.5000e+00  6.5265e+04  2.5547e+02
  6.5000e+00  4.8028e+04  2.1915e+02
  7.5000e+00  3.4545e+04  1.8586e+02
  8.5000e+00  2.4944e+04  1.5794e+02
  9.5000e+00  1.6662e+04  1.2908e+02
  1.0500e+01  1.0221e+04  1.0110e+02
  1.1500e+01  6.0520e+03  7.7795e+01
  1.2500e+01  3.3290e+03  5.7697e+01
  1.3500e+01  1.6910e+03  4.1122e+01
  1.4500e+01  9.1300e+02  3.0216e+01
  1.5500e+01  4.3800e+02  2.0928e+01
  1.6500e+01  1.9600e+02  1.4000e+01
  1.7500e+01  1.0100e+02  1.0050e+01
  1.8500e+01  4.5000e+01  6.7082e+00
  1.9500e+01  1.8000e+01  4.2426e+00
  2.0500e+01  9.0000e+00  3.0000e+00
  2.1500e+01  4.0000e+00  2.0000e+00
  2.2500e+01  0.0000e+00  0.0000e+00
  2.3500e+01  1.0000e+00  1.0000e+00
  2.4500e+01  0.0000e+00  0.0000e+00
  2.5500e+01  1.0000e+00  1.0000e+00
  2.6500e+01  0.0000e+00  0.0000e+00
  2.7500e+01  0.0000e+00  0.0000e+00
  2.8500e+01  0.0000e+00  0.0000e+00
  2.9500e+01  0.0000e+00  0.0000e+00
  3.0500e+01  0.0000e+00  0.0000e+00
  3.1500e+01  0.0000e+00  0.0000e+00
  3.2500e+01  0.0000e+00  0.0000e+00
  3.3500e+01  0.0000e+00  0.0000e+00
  3.4500e+01  0.0000e+00  0.0000e+00
  3.5500e+01  0.0000e+00  0.0000e+00
  3.6500e+01  0.0000e+00  0.0000e+00
  3.7500e+01  0.0000e+00  0.0000e+00
  3.8500e+01  0.0000e+00  0.0000e+00
  3.9500e+01  0.0000e+00  0.0000e+00
  4.0500e+01  0.0000e+00  0.0000e+00
  4.1500e+01  0.0000e+00  0.0000e+00
  4.2500e+01  0.0000e+00  0.0000e+00
  4.3500e+01  0.0000e+00  0.0000e+00
  4.4500e+01  0.0000e+00  0.0000e+00
  4.5500e+01  0.0000e+00  0.0000e+00
  4.6500e+01  0.0000e+00  0.0000e+00
  4.7500e+01  0.0000e+00  0.0000e+00
  4.8500e+01  0.0000e+00  0.0000e+00
  4.9500e+01  0.0000e+00  0.0000e+00
  5.0500e+01  0.0000e+00  0.0000e+00
  5.1500e+01  0.0000e+00  0.0000e+00
  5.2500e+01  0.0000e+00  0.0000e+00
  5.3500e+01  0.0000e+00  0.0000e+00
  5.4500e+01  0.0000e+00  0.0000e+00
  5.5500e+01  0.0000e+00  0.0000e+00
  5.6500e+01  0.0000e+00  0.0000e+00
  5.7500e+01  0.0000e+00  0.0000e+00
  5.8500e+01  0.0000e+00  0.0000e+00
  5.9500e+01  0.0000e+00  0.0000e+00
  6.0500e+01  0.0000e+00  0.0000e+00
  6.1500e+01  0.0000e+00  0.0000e+00
  6.2500e+01  0.0000e+00  0.0000e+00
  6.3500e+01  0.0000e+00  0.0000e+00
  6.4500e+01  0.0000e+00  0.0000e+00
  6.5500e+01  0.0000e+00  0.0000e+00
  6.6500e+01  0.0000e+00  0.0000e+00
  6.7500e+01  0.0000e+00  0.0000e+00
  6.8500e+01  0.0000e+00  0.0000e+00
  6.9500e+01  0.0000e+00  0.0000e+00
  7.0500e+01  0.0000e+00  0.0000e+00
  7.1500e+01  0.0000e+00  0.0000e+00
  7.2500e+01  0.0000e+00  0.0000e+00
  7.3500e+01  0.0000e+00  0.0000e+00
  7.4500e+01  0.0000e+00  0.0000e+00
  7.5500e+01  0.0000e+00  0.0000e+00
  7.6500e+01  0.0000e+00  0.0000e+00
  7.7500e+01  0.0000e+00  0.0000e+00
  7.8500e+01  0.0000e+00  0.0000e+00
  7.9500e+01  0.0000e+00  0.0000e+00
  8.0500e+01  0.0000e+00  0.0000e+00
  8.1500e+01  0.0000e+00  0.0000e+00
  8.2500e+01  0.0000e+00  0.0000e+00
  8.3500e+01  0.0000e+00  0.0000e+00
  8.4500e+01  0.0000e+00  0.0000e+00
  8.5500e+01  0.0000e+00  0.0000e+00
  8.6500e+01  0.0000e+00  0.0000e+00
  8.7500e+01  0.0000e+00  0.0000e+00
  8.8500e+01  0.0000e+00  0.0000e+00
  8.9500e+01  0.0000e+00  0.0000e+00
  9.0500e+01  0.0000e+00  0.0000e+00
  9.1500e+01  0.0000e+00  0.0000e+00
  9.2500e+01  0.0000e+00  0.0000e+00
  9.3500e+01  0.0000e+00  0.0000e+00
  9.4500e+01  0.0000e+00  0.0000e+00
  9.5500e+01  0.0000e+00  0.0000e+00
  9.6500e+01  0.0000e+00  0.0000e+00
  9.7500e+01  0.0000e+00  0.0000e+00
  9.8500e+01  0.0000e+00  0.0000e+00
  9.9500e+01  0.0000e+00  0.0000e+00
