  5.0000e-01  0.0000e+00  0.0000e+00
  1.5000e+00  1.8470e+03  4.2977e+01
  2.5000e+00  0.0000e+00  0.0000e+00
  3.5000e+00  7.7500e+02  2.7839e+01
  4.5000e+00  2.7800e+02  1.6673e+01
  5.5000e+00  1.7510e+03  4.1845e+01
  6.5000e+00  2.0000e+02  1.4142e+01
  7.5000e+00  9.1400e+02  3.0232e+01
  8.5000e+00  2.1670e+03  4.6551e+01
  9.5000e+00  2.4300e+03  4.9295e+01
  1.0500e+01  1.2930e+03  3.5958e+01
  1.1500e+01  1.9640e+03  4.4317e+01
  1.2500e+01  4.9440e+03  7.0314e+01
  1.3500e+01  3.6810e+03  6.0671e+01
  1.4500e+01  2.1030e+03  4.5858e+01
  1.5500e+01  3.9280e+03  6.2674e+01
  1.6500e+01  7.4920e+03  8.6556e+01
  1.7500e+01  4.4510e+03  6.6716e+01
  1.8500e+01  3.1400e+03  5.6036e+01
  1.9500e+01  6.0950e+03  7.8070e+01
  2.0500e+01  9.0650e+03  9.5210e+01
  2.1500e+01  4.8720e+03  6.9800e+01
  2.2500e+01  4.3380e+03  6.5863e+01
  2.3500e+01  8.0260e+03  8.9588e+01
  2.4500e+01  9.7060e+03  9.8519e+01
  2.5500e+01  5.0300e+03  7.0922e+01
  2.6500e+01  5.2110e+03  7.2187e+01
  2.7500e+01  9.0920e+03  9.5352e+01
  2.8500e+01  9.2800e+03  9.6333e+01
  2.9500e+01  5.0600e+03  7.1134e+01
  3.0500e+01  5.7400e+03  7.5763e+01
  3.1500e+01  9.4990e+03  9.7463e+01
  3.2500e+01  8.5600e+03  9.2520e+01
  3.3500e+01  4.7090e+03  6.8622e+01
  3.4500e+01  5.8010e+03  7.6164e+01
  3.5500e+01  8.9400e+03  9.4552e+01
  3.6500e+01  7.3420e+03  8.5685e+01
  3.7500e+01  4.5400e+03  6.7380e+01
  3.8500e+01  5.5640e+03  7.4592e+01
  3.9500e+01  7.9540e+03  8.9185e+01
  4.0500e+01  6.0290e+03  7.7647e+01
  4.1500e+01  3.9720e+03  6.3024e+01
  4.2500e+01  5.0360e+03  7.0965e+01
  4.3500e+01  6.8600e+03  8.2825e+01
  4.4500e+01  4.8470e+03  6.9620e+01
  4.5500e+01  3.4270e+03  5.8541e+01
  4.6500e+01  4.4660e+03  6.6828e+01
  4.7500e+01  5.4060e+03  7.3526e+01
  4.8500e+01  3.7740e+03  6.1433e+01
  4.9500e+01  2.7500e+03  5.2440e+01
  5.0500e+01  3.7430e+03  6.1180e+01
  5.1500e+01  4.3410e+03  6.5886e+01
  5.2500e+01  2.9080e+03  5.3926e+01
  5.3500e+01  2.3310e+03  4.8280e+01
  5.4500e+01  2.9570e+03  5.4378e+01
  5.5500e+01  3.2120e+03  5.6675e+01
  5.6500e+01  2.1390e+03  4.6249e+01
  5.7500e+01  1.8360e+03  4.2849e+01
  5.8500e+01  2.2720e+03  4.7666e+01
  5.9500e+01  2.4680e+03  4.9679e+01
  6.0500e+01  1.5710e+03  3.9636e+01
  6.1500e+01  1.3620e+03  3.6905e+01
  6.2500e+01  1.6850e+03  4.1049e+01
  6.3500e+01  1.7660e+03  4.2024e+01
  6.4500e+01  1.1880e+03  3.4467e+01
  6.5500e+01  9.9300e+02  3.1512e+01
  6.6500e+01  1.2620e+03  3.5525e+01
  6.7500e+01  1.2100e+03  3.4785e+01
  6.8500e+01  8.0900e+02  2.8443e+01
  6.9500e+01  7.7700e+02  2.7875e+01
  7.0500e+01  9.5300e+02  3.0871e+01
  7.1500e+01  8.2700e+02  2.8758e+01
  7.2500e+01  5.7800e+02  2.4042e+01
  7.3500e+01  5.6700e+02  2.3812e+01
  7.4500e+01  6.3200e+02  2.5140e+01
  7.5500e+01  5.5800e+02  2.3622e+01
  7.6500e+01  4.1200e+02  2.0298e+01
  7.7500e+01  3.9700e+02  1.9925e+01
  7.8500e+01  4.9300e+02  2.2204e+01
  7.9500e+01  4.0200e+02  2.0050e+01
  8.0500e+01  2.6000e+02  1.6125e+01
  8.1500e+01  2.8700e+02  1.6941e+01
  8.2500e+01  2.6800e+02  1.6371e+01
  8.3500e+01  2.7300e+02  1.6523e+01
  8.4500e+01  1.6700e+02  1.2923e+01
  8.5500e+01  1.7700e+02  1.3304e+01
  8.6500e+01  2.0400e+02  1.4283e+01
  8.7500e+01  1.6700e+02  1.2923e+01
  8.8500e+01  1.3600e+02  1.1662e+01
  8.9500e+01  1.2100e+02  1.1000e+01
  9.0500e+01  1.3600e+02  1.1662e+01
  9.1500e+01  1.0700e+02  1.0344e+01
  9.2500e+01  6.7000e+01  8.1854e+00
  9.3500e+01  7.2000e+01  8.4853e+00
  9.4500e+01  1.0700e+02  1.0344e+01
  9.5500e+01  7.1000e+01  8.4261e+00
  9.6500e+01  4.7000e+01  6.8557e+00
  9.7500e+01  5.9000e+01  7.6811e+00
  9.8500e+01  4.9000e+01  7.0000e+00
  9.9500e+01  4.1000e+01  6.4031e+00
