  2.0000e+00  1.4000e+01  3.7417e+00
  4.0000e+00  1.2300e+02  1.1091e+01
  6.0000e+00  7.9200e+02  2.8142e+01
  8.0000e+00  3.3030e+03  5.7472e+01
  1.0000e+01  9.3300e+03  9.6592e+01
  1.2000e+01  1.9119e+04  1.3827e+02
  1.4000e+01  2.9309e+04  1.7120e+02
  1.6000e+01  3.6056e+04  1.8988e+02
  1.8000e+01  3.8206e+04  1.9546e+02
  2.0000e+01  3.5804e+04  1.8922e+02
  2.2000e+01  3.0780e+04  1.7544e+02
  2.4000e+01  2.4554e+04  1.5670e+02
  2.6000e+01  1.8671e+04  1.3664e+02
  2.8000e+01  1.3237e+04  1.1505e+02
  3.0000e+01  9.2720e+03  9.6291e+01
  3.2000e+01  6.0730e+03  7.7929e+01
  3.4000e+01  3.8390e+03  6.1960e+01
  3.6000e+01  2.3170e+03  4.8135e+01
  3.8000e+01  1.4270e+03  3.7776e+01
  4.0000e+01  8.8300e+02  2.9715e+01
  4.2000e+01  4.7400e+02  2.1772e+01
  4.4000e+01  2.5900e+02  1.6093e+01
  4.6000e+01  1.3300e+02  1.1533e+01
  4.8000e+01  7.1000e+01  8.4261e+00
  5.0000e+01  2.6000e+01  5.0990e+00
  5.2000e+01  1.2000e+01  3.4641e+00
  5.4000e+01  1.0000e+01  3.1623e+00
  5.6000e+01  4.0000e+00  2.0000e+00
