  1.2037e+00  3.1300e+02  1.7692e+01
  3.6111e+00  4.4000e+01  6.6332e+00
  6.0185e+00  2.0000e+01  4.4721e+00
  8.4259e+00  2.4000e+01  4.8990e+00
  1.0833e+01  5.6000e+01  7.4833e+00
  1.3241e+01  4.2000e+01  6.4807e+00
  1.5648e+01  7.7000e+01  8.7750e+00
  1.8056e+01  1.2500e+02  1.1180e+01
  2.0463e+01  1.9700e+02  1.4036e+01
  2.2870e+01  5.8200e+02  2.4125e+01
  2.5278e+01  4.1400e+02  2.0347e+01
  2.7685e+01  5.1900e+02  2.2782e+01
  3.0093e+01  5.1000e+02  2.2583e+01
  3.2500e+01  4.9800e+02  2.2316e+01
  3.4907e+01  7.9600e+02  2.8213e+01
  3.7315e+01  3.3100e+02  1.8193e+01
  3.9722e+01  2.5300e+02  1.5906e+01
  4.2130e+01  2.1300e+02  1.4595e+01
  4.4537e+01  2.0100e+02  1.4177e+01
  4.6944e+01  3.2000e+02  1.7889e+01
  4.9352e+01  1.4000e+02  1.1832e+01
  5.1759e+01  1.3000e+02  1.1402e+01
  5.4167e+01  1.0600e+02  1.0296e+01
  5.6574e+01  9.9000e+01  9.9499e+00
  5.8981e+01  1.8800e+02  1.3711e+01
  6.1389e+01  7.1000e+01  8.4261e+00
  6.3796e+01  6.6000e+01  8.1240e+00
  6.6204e+01  5.4000e+01  7.3485e+00
  6.8611e+01  4.8000e+01  6.9282e+00
  7.1019e+01  1.0200e+02  1.0100e+01
  7.3426e+01  3.0000e+01  5.4772e+00
  7.5833e+01  3.0000e+01  5.4772e+00
  7.8241e+01  2.2000e+01  4.6904e+00
  8.0648e+01  2.8000e+01  5.2915e+00
  8.3056e+01  4.5000e+01  6.7082e+00
  8.5463e+01  2.1000e+01  4.5826e+00
  8.7870e+01  1.9000e+01  4.3589e+00
  9.0278e+01  1.6000e+01  4.0000e+00
  9.2685e+01  1.2000e+01  3.4641e+00
  9.5093e+01  1.8000e+01  4.2426e+00
  9.7500e+01  9.0000e+00  3.0000e+00
  9.9907e+01  9.0000e+00  3.0000e+00
  1.0231e+02  3.0000e+00  1.7321e+00
  1.0472e+02  8.0000e+00  2.8284e+00
  1.0713e+02  1.0000e+01  3.1623e+00
  1.0954e+02  3.0000e+00  1.7321e+00
  1.1194e+02  4.0000e+00  2.0000e+00
  1.1435e+02  2.0000e+00  1.4142e+00
  1.1676e+02  3.0000e+00  1.7321e+00
  1.1917e+02  3.0000e+00  1.7321e+00
  1.2157e+02  0.0000e+00  0.0000e+00
  1.2398e+02  1.0000e+00  1.0000e+00
  1.2639e+02  0.0000e+00  0.0000e+00
  1.2880e+02  2.0000e+00  1.4142e+00
