  2.0000e+00  1.0334e+04  1.0166e+02
  4.0000e+00  5.2750e+03  7.2629e+01
  6.0000e+00  3.0750e+03  5.5453e+01
  8.0000e+00  4.5620e+03  6.7543e+01
  1.0000e+01  7.3280e+03  8.5604e+01
  1.2000e+01  1.0491e+04  1.0243e+02
  1.4000e+01  1.3306e+04  1.1535e+02
  1.6000e+01  1.4312e+04  1.1963e+02
  1.8000e+01  1.3723e+04  1.1715e+02
  2.0000e+01  1.2169e+04  1.1031e+02
  2.2000e+01  9.7930e+03  9.8960e+01
  2.4000e+01  7.4560e+03  8.6348e+01
  2.6000e+01  5.4370e+03  7.3736e+01
  2.8000e+01  3.8400e+03  6.1968e+01
  3.0000e+01  2.5800e+03  5.0794e+01
  3.2000e+01  1.6610e+03  4.0755e+01
  3.4000e+01  1.0150e+03  3.1859e+01
  3.6000e+01  6.0100e+02  2.4515e+01
  3.8000e+01  4.0000e+02  2.0000e+01
  4.0000e+01  1.6100e+02  1.2689e+01
  4.2000e+01  1.1200e+02  1.0583e+01
  4.4000e+01  5.4000e+01  7.3485e+00
  4.6000e+01  2.4000e+01  4.8990e+00
  4.8000e+01  1.3000e+01  3.6056e+00
  5.0000e+01  7.0000e+00  2.6458e+00
  5.2000e+01  2.0000e+00  1.4142e+00
  5.4000e+01  2.0000e+00  1.4142e+00
  5.6000e+01  2.0000e+00  1.4142e+00
