  2.0000e+00  2.3800e+03  4.8785e+01
  4.0000e+00  1.0750e+03  3.2787e+01
  6.0000e+00  6.9200e+02  2.6306e+01
  8.0000e+00  1.9210e+03  4.3829e+01
  1.0000e+01  5.2180e+03  7.2236e+01
  1.2000e+01  1.0195e+04  1.0097e+02
  1.4000e+01  1.5164e+04  1.2314e+02
  1.6000e+01  1.8269e+04  1.3516e+02
  1.8000e+01  1.9207e+04  1.3859e+02
  2.0000e+01  1.7308e+04  1.3156e+02
  2.2000e+01  1.4535e+04  1.2056e+02
  2.4000e+01  1.1513e+04  1.0730e+02
  2.6000e+01  8.6920e+03  9.3231e+01
  2.8000e+01  6.0440e+03  7.7743e+01
  3.0000e+01  4.1400e+03  6.4343e+01
  3.2000e+01  2.7460e+03  5.2402e+01
  3.4000e+01  1.7240e+03  4.1521e+01
  3.6000e+01  1.0310e+03  3.2109e+01
  3.8000e+01  6.1800e+02  2.4860e+01
  4.0000e+01  3.7300e+02  1.9313e+01
  4.2000e+01  1.8400e+02  1.3565e+01
  4.4000e+01  9.4000e+01  9.6954e+00
  4.6000e+01  6.1000e+01  7.8102e+00
  4.8000e+01  2.2000e+01  4.6904e+00
  5.0000e+01  1.6000e+01  4.0000e+00
  5.2000e+01  4.0000e+00  2.0000e+00
  5.4000e+01  3.0000e+00  1.7321e+00
  5.6000e+01  2.0000e+00  1.4142e+00
