  0.0000e+00  0.0000e+00  0.0000e+00
  1.0000e+00  1.8480e+03  4.2988e+01
  2.0000e+00  1.2520e+03  3.5384e+01
  3.0000e+00  1.3720e+04  1.1713e+02
  4.0000e+00  5.4817e+04  2.3413e+02
  5.0000e+00  6.5265e+04  2.5547e+02
  6.0000e+00  4.8028e+04  2.1915e+02
  7.0000e+00  3.4545e+04  1.8586e+02
  8.0000e+00  2.4944e+04  1.5794e+02
  9.0000e+00  1.6662e+04  1.2908e+02
  1.0000e+01  1.0221e+04  1.0110e+02
  1.1000e+01  6.0520e+03  7.7795e+01
  1.2000e+01  3.3290e+03  5.7697e+01
  1.3000e+01  1.6910e+03  4.1122e+01
  1.4000e+01  9.1300e+02  3.0216e+01
  1.5000e+01  4.3800e+02  2.0928e+01
  1.6000e+01  1.9600e+02  1.4000e+01
  1.7000e+01  1.0100e+02  1.0050e+01
  1.8000e+01  4.5000e+01  6.7082e+00
  1.9000e+01  1.8000e+01  4.2426e+00
  2.0000e+01  9.0000e+00  3.0000e+00
  2.1000e+01  4.0000e+00  2.0000e+00
  2.2000e+01  0.0000e+00  0.0000e+00
  2.3000e+01  1.0000e+00  1.0000e+00
  2.4000e+01  0.0000e+00  0.0000e+00
  2.5000e+01  1.0000e+00  1.0000e+00
  2.6000e+01  0.0000e+00  0.0000e+00
  2.7000e+01  0.0000e+00  0.0000e+00
  2.8000e+01  0.0000e+00  0.0000e+00
  2.9000e+01  0.0000e+00  0.0000e+00
  3.0000e+01  0.0000e+00  0.0000e+00
  3.1000e+01  0.0000e+00  0.0000e+00
  3.2000e+01  0.0000e+00  0.0000e+00
  3.3000e+01  0.0000e+00  0.0000e+00
  3.4000e+01  0.0000e+00  0.0000e+00
  3.5000e+01  0.0000e+00  0.0000e+00
  3.6000e+01  0.0000e+00  0.0000e+00
  3.7000e+01  0.0000e+00  0.0000e+00
  3.8000e+01  0.0000e+00  0.0000e+00
  3.9000e+01  0.0000e+00  0.0000e+00
  4.0000e+01  0.0000e+00  0.0000e+00
  4.1000e+01  0.0000e+00  0.0000e+00
  4.2000e+01  0.0000e+00  0.0000e+00
  4.3000e+01  0.0000e+00  0.0000e+00
  4.4000e+01  0.0000e+00  0.0000e+00
  4.5000e+01  0.0000e+00  0.0000e+00
  4.6000e+01  0.0000e+00  0.0000e+00
  4.7000e+01  0.0000e+00  0.0000e+00
  4.8000e+01  0.0000e+00  0.0000e+00
  4.9000e+01  0.0000e+00  0.0000e+00
  5.0000e+01  0.0000e+00  0.0000e+00
  5.1000e+01  0.0000e+00  0.0000e+00
  5.2000e+01  0.0000e+00  0.0000e+00
  5.3000e+01  0.0000e+00  0.0000e+00
  5.4000e+01  0.0000e+00  0.0000e+00
  5.5000e+01  0.0000e+00  0.0000e+00
  5.6000e+01  0.0000e+00  0.0000e+00
  5.7000e+01  0.0000e+00  0.0000e+00
  5.8000e+01  0.0000e+00  0.0000e+00
  5.9000e+01  0.0000e+00  0.0000e+00
  6.0000e+01  0.0000e+00  0.0000e+00
  6.1000e+01  0.0000e+00  0.0000e+00
  6.2000e+01  0.0000e+00  0.0000e+00
  6.3000e+01  0.0000e+00  0.0000e+00
  6.4000e+01  0.0000e+00  0.0000e+00
  6.5000e+01  0.0000e+00  0.0000e+00
  6.6000e+01  0.0000e+00  0.0000e+00
  6.7000e+01  0.0000e+00  0.0000e+00
  6.8000e+01  0.0000e+00  0.0000e+00
  6.9000e+01  0.0000e+00  0.0000e+00
  7.0000e+01  0.0000e+00  0.0000e+00
  7.1000e+01  0.0000e+00  0.0000e+00
  7.2000e+01  0.0000e+00  0.0000e+00
  7.3000e+01  0.0000e+00  0.0000e+00
  7.4000e+01  0.0000e+00  0.0000e+00
  7.5000e+01  0.0000e+00  0.0000e+00
  7.6000e+01  0.0000e+00  0.0000e+00
  7.7000e+01  0.0000e+00  0.0000e+00
  7.8000e+01  0.0000e+00  0.0000e+00
  7.9000e+01  0.0000e+00  0.0000e+00
  8.0000e+01  0.0000e+00  0.0000e+00
  8.1000e+01  0.0000e+00  0.0000e+00
  8.2000e+01  0.0000e+00  0.0000e+00
  8.3000e+01  0.0000e+00  0.0000e+00
  8.4000e+01  0.0000e+00  0.0000e+00
  8.5000e+01  0.0000e+00  0.0000e+00
  8.6000e+01  0.0000e+00  0.0000e+00
  8.7000e+01  0.0000e+00  0.0000e+00
  8.8000e+01  0.0000e+00  0.0000e+00
  8.9000e+01  0.0000e+00  0.0000e+00
  9.0000e+01  0.0000e+00  0.0000e+00
  9.1000e+01  0.0000e+00  0.0000e+00
  9.2000e+01  0.0000e+00  0.0000e+00
  9.3000e+01  0.0000e+00  0.0000e+00
  9.4000e+01  0.0000e+00  0.0000e+00
  9.5000e+01  0.0000e+00  0.0000e+00
  9.6000e+01  0.0000e+00  0.0000e+00
  9.7000e+01  0.0000e+00  0.0000e+00
  9.8000e+01  0.0000e+00  0.0000e+00
  9.9000e+01  0.0000e+00  0.0000e+00
