  2.0000e+00  0.0000e+00  0.0000e+00
  4.0000e+00  0.0000e+00  0.0000e+00
  6.0000e+00  0.0000e+00  0.0000e+00
  8.0000e+00  0.0000e+00  0.0000e+00
  1.0000e+01  0.0000e+00  0.0000e+00
  1.2000e+01  0.0000e+00  0.0000e+00
  1.4000e+01  1.0000e+00  1.0000e+00
  1.6000e+01  1.0000e+00  1.0000e+00
  1.8000e+01  0.0000e+00  0.0000e+00
  2.0000e+01  0.0000e+00  0.0000e+00
  2.2000e+01  0.0000e+00  0.0000e+00
  2.4000e+01  0.0000e+00  0.0000e+00
  2.6000e+01  0.0000e+00  0.0000e+00
  2.8000e+01  0.0000e+00  0.0000e+00
  3.0000e+01  0.0000e+00  0.0000e+00
  3.2000e+01  0.0000e+00  0.0000e+00
  3.4000e+01  0.0000e+00  0.0000e+00
  3.6000e+01  0.0000e+00  0.0000e+00
  3.8000e+01  0.0000e+00  0.0000e+00
  4.0000e+01  0.0000e+00  0.0000e+00
  4.2000e+01  0.0000e+00  0.0000e+00
  4.4000e+01  0.0000e+00  0.0000e+00
  4.6000e+01  0.0000e+00  0.0000e+00
  4.8000e+01  0.0000e+00  0.0000e+00
  5.0000e+01  0.0000e+00  0.0000e+00
  5.2000e+01  0.0000e+00  0.0000e+00
  5.4000e+01  0.0000e+00  0.0000e+00
  5.6000e+01  0.0000e+00  0.0000e+00
