  0.0000e+00  1.8820e+03  4.3382e+01
  1.0000e+00  2.2200e+03  4.7117e+01
  2.0000e+00  1.4640e+03  3.8262e+01
  3.0000e+00  1.3320e+03  3.6497e+01
  4.0000e+00  1.5650e+03  3.9560e+01
  5.0000e+00  4.1340e+03  6.4296e+01
  6.0000e+00  1.1950e+03  3.4569e+01
  7.0000e+00  2.2800e+03  4.7749e+01
  8.0000e+00  6.5550e+03  8.0963e+01
  9.0000e+00  3.9480e+03  6.2833e+01
  1.0000e+01  2.3250e+03  4.8218e+01
  1.1000e+01  6.0460e+03  7.7756e+01
  1.2000e+01  8.1430e+03  9.0239e+01
  1.3000e+01  3.7210e+03  6.1000e+01
  1.4000e+01  4.8020e+03  6.9296e+01
  1.5000e+01  9.2710e+03  9.6286e+01
  1.6000e+01  7.6280e+03  8.7338e+01
  1.7000e+01  4.3380e+03  6.5863e+01
  1.8000e+01  7.3130e+03  8.5516e+01
  1.9000e+01  1.0165e+04  1.0082e+02
  2.0000e+01  6.8940e+03  8.3030e+01
  2.1000e+01  5.1200e+03  7.1554e+01
  2.2000e+01  8.9470e+03  9.4589e+01
  2.3000e+01  9.8330e+03  9.9161e+01
  2.4000e+01  5.9450e+03  7.7104e+01
  2.5000e+01  5.9990e+03  7.7453e+01
  2.6000e+01  9.3960e+03  9.6933e+01
  2.7000e+01  8.3810e+03  9.1548e+01
  2.8000e+01  5.2660e+03  7.2567e+01
  2.9000e+01  6.4810e+03  8.0505e+01
  3.0000e+01  8.5460e+03  9.2445e+01
  3.1000e+01  6.8660e+03  8.2861e+01
  3.2000e+01  4.7210e+03  6.8710e+01
  3.3000e+01  6.2480e+03  7.9044e+01
  3.4000e+01  7.3810e+03  8.5913e+01
  3.5000e+01  5.4040e+03  7.3512e+01
  3.6000e+01  4.2560e+03  6.5238e+01
  3.7000e+01  5.6430e+03  7.5120e+01
  3.8000e+01  5.9580e+03  7.7188e+01
  3.9000e+01  4.1530e+03  6.4444e+01
  4.0000e+01  3.6700e+03  6.0581e+01
  4.1000e+01  4.8070e+03  6.9333e+01
  4.2000e+01  4.4520e+03  6.6723e+01
  4.3000e+01  3.1160e+03  5.5821e+01
  4.4000e+01  3.1080e+03  5.5749e+01
  4.5000e+01  3.9390e+03  6.2761e+01
  4.6000e+01  3.4100e+03  5.8395e+01
  4.7000e+01  2.3250e+03  4.8218e+01
  4.8000e+01  2.5370e+03  5.0369e+01
  4.9000e+01  2.9330e+03  5.4157e+01
  5.0000e+01  2.4370e+03  4.9366e+01
  5.1000e+01  1.7570e+03  4.1917e+01
  5.2000e+01  1.9510e+03  4.4170e+01
  5.3000e+01  2.1510e+03  4.6379e+01
  5.4000e+01  1.7170e+03  4.1437e+01
  5.5000e+01  1.3680e+03  3.6986e+01
  5.6000e+01  1.4880e+03  3.8575e+01
  5.7000e+01  1.5650e+03  3.9560e+01
  5.8000e+01  1.1780e+03  3.4322e+01
  5.9000e+01  9.5400e+02  3.0887e+01
  6.0000e+01  1.1220e+03  3.3496e+01
  6.1000e+01  1.0930e+03  3.3061e+01
  6.2000e+01  8.2400e+02  2.8705e+01
  6.3000e+01  6.9500e+02  2.6363e+01
  6.4000e+01  8.0000e+02  2.8284e+01
  6.5000e+01  7.3800e+02  2.7166e+01
  6.6000e+01  5.7000e+02  2.3875e+01
  6.7000e+01  4.8500e+02  2.2023e+01
  6.8000e+01  5.5600e+02  2.3580e+01
  6.9000e+01  5.0300e+02  2.2428e+01
  7.0000e+01  3.8800e+02  1.9698e+01
  7.1000e+01  3.9300e+02  1.9824e+01
  7.2000e+01  4.0200e+02  2.0050e+01
  7.3000e+01  3.1900e+02  1.7861e+01
  7.4000e+01  2.3900e+02  1.5460e+01
  7.5000e+01  2.3400e+02  1.5297e+01
  7.6000e+01  2.3300e+02  1.5264e+01
  7.7000e+01  1.8400e+02  1.3565e+01
  7.8000e+01  1.6000e+02  1.2649e+01
  7.9000e+01  1.8900e+02  1.3748e+01
  8.0000e+01  1.6400e+02  1.2806e+01
  8.1000e+01  1.4400e+02  1.2000e+01
  8.2000e+01  9.6000e+01  9.7980e+00
  8.3000e+01  1.1000e+02  1.0488e+01
  8.4000e+01  1.0300e+02  1.0149e+01
  8.5000e+01  9.5000e+01  9.7468e+00
  8.6000e+01  6.9000e+01  8.3066e+00
  8.7000e+01  5.2000e+01  7.2111e+00
  8.8000e+01  7.0000e+01  8.3666e+00
  8.9000e+01  4.8000e+01  6.9282e+00
  9.0000e+01  5.1000e+01  7.1414e+00
  9.1000e+01  4.6000e+01  6.7823e+00
  9.2000e+01  4.1000e+01  6.4031e+00
  9.3000e+01  2.6000e+01  5.0990e+00
  9.4000e+01  2.6000e+01  5.0990e+00
  9.5000e+01  2.3000e+01  4.7958e+00
  9.6000e+01  1.5000e+01  3.8730e+00
  9.7000e+01  1.8000e+01  4.2426e+00
  9.8000e+01  1.7000e+01  4.1231e+00
  9.9000e+01  1.8000e+01  4.2426e+00
