  2.0000e+00  6.0000e+00  2.4495e+00
  4.0000e+00  1.4800e+02  1.2166e+01
  6.0000e+00  9.7600e+02  3.1241e+01
  8.0000e+00  3.9060e+03  6.2498e+01
  1.0000e+01  1.0840e+04  1.0412e+02
  1.2000e+01  2.0510e+04  1.4321e+02
  1.4000e+01  3.1018e+04  1.7612e+02
  1.6000e+01  3.6968e+04  1.9227e+02
  1.8000e+01  3.8309e+04  1.9573e+02
  2.0000e+01  3.5551e+04  1.8855e+02
  2.2000e+01  3.0001e+04  1.7321e+02
  2.4000e+01  2.3573e+04  1.5354e+02
  2.6000e+01  1.7408e+04  1.3194e+02
  2.8000e+01  1.2581e+04  1.1217e+02
  3.0000e+01  8.4200e+03  9.1761e+01
  3.2000e+01  5.5000e+03  7.4162e+01
  3.4000e+01  3.5330e+03  5.9439e+01
  3.6000e+01  2.0520e+03  4.5299e+01
  3.8000e+01  1.3230e+03  3.6373e+01
  4.0000e+01  7.0100e+02  2.6476e+01
  4.2000e+01  3.5100e+02  1.8735e+01
  4.4000e+01  2.0700e+02  1.4387e+01
  4.6000e+01  1.1000e+02  1.0488e+01
  4.8000e+01  5.6000e+01  7.4833e+00
  5.0000e+01  2.8000e+01  5.2915e+00
  5.2000e+01  1.5000e+01  3.8730e+00
  5.4000e+01  4.0000e+00  2.0000e+00
  5.6000e+01  3.0000e+00  1.7321e+00
