2	1.80E-05	0	2.40E-05
4	0.000268	0	1.22E-04
6	0.002054	0	2.64E-04
8	0.009328	0	8.62E-04
10	0.027621	0	1.73E-03
12	0.058426	0	2.53E-03
14	0.093836	0	2.87E-03
16	0.121719	0	2.90E-03
18	0.133779	0	2.29E-03
20	0.129539	0	2.08E-03
22	0.113598	0	1.13E-03
24	0.092586	0	1.55E-03
26	0.070832	0	1.86E-03
28	0.051225	0	2.21E-03
30	0.03549		0	2.00E-03
32	0.023541	0	1.80E-03
34	0.014928	0	1.39E-03
36	0.00919		0	1.02E-03
38	0.005395	0	6.84E-04
40	0.003119	0	4.96E-04
42	0.001735	0	3.32E-04
44	0.000903	0	2.08E-04
46	0.000452	0	1.32E-04
48	0.000228	0	8.40E-05
50	0.000102	0	4.40E-05
52	5.10E-05	0	3.20E-05
54	2.30E-05	0	2.60E-05
56	1.30E-05	0	2.00E-05