  3.5000e+00  6.1000e+01  7.8102e+00
  1.1500e+01  6.3680e+03  7.9800e+01
  1.9500e+01  8.8095e+04  2.9681e+02
  2.7500e+01  2.8752e+05  5.3621e+02
  3.5500e+01  2.7103e+05  5.2060e+02
  4.3500e+01  1.3508e+05  3.6754e+02
  5.1500e+01  8.0003e+04  2.8285e+02
  5.9500e+01  5.1074e+04  2.2600e+02
  6.7500e+01  3.2308e+04  1.7974e+02
  7.5500e+01  2.0052e+04  1.4161e+02
  8.3500e+01  1.2305e+04  1.1093e+02
  9.1500e+01  7.4510e+03  8.6319e+01
  9.9500e+01  4.2080e+03  6.4869e+01
  1.0750e+02  2.2960e+03  4.7917e+01
  1.1550e+02  1.1810e+03  3.4366e+01
  1.2350e+02  5.5100e+02  2.3473e+01
  1.3150e+02  2.3500e+02  1.5330e+01
  1.3950e+02  1.2200e+02  1.1045e+01
  1.4750e+02  3.4000e+01  5.8310e+00
  1.5550e+02  1.7000e+01  4.1231e+00
  1.6350e+02  2.0000e+00  1.4142e+00
  1.7150e+02  3.0000e+00  1.7321e+00
  1.7950e+02  1.0000e+00  1.0000e+00
  1.8750e+02  0.0000e+00  0.0000e+00
  1.9550e+02  0.0000e+00  0.0000e+00
  2.0350e+02  0.0000e+00  0.0000e+00
  2.1150e+02  0.0000e+00  0.0000e+00
  2.1950e+02  0.0000e+00  0.0000e+00
  2.2750e+02  0.0000e+00  0.0000e+00
  2.3550e+02  0.0000e+00  0.0000e+00
  2.4350e+02  0.0000e+00  0.0000e+00
  2.5150e+02  0.0000e+00  0.0000e+00
  2.5950e+02  0.0000e+00  0.0000e+00
  2.6750e+02  0.0000e+00  0.0000e+00
  2.7550e+02  0.0000e+00  0.0000e+00
  2.8350e+02  0.0000e+00  0.0000e+00
  2.9150e+02  0.0000e+00  0.0000e+00
  2.9950e+02  0.0000e+00  0.0000e+00
  3.0750e+02  0.0000e+00  0.0000e+00
  3.1550e+02  0.0000e+00  0.0000e+00
  3.2350e+02  0.0000e+00  0.0000e+00
  3.3150e+02  0.0000e+00  0.0000e+00
  3.3950e+02  0.0000e+00  0.0000e+00
  3.4750e+02  0.0000e+00  0.0000e+00
  3.5550e+02  0.0000e+00  0.0000e+00
  3.6350e+02  0.0000e+00  0.0000e+00
  3.7150e+02  0.0000e+00  0.0000e+00
  3.7950e+02  0.0000e+00  0.0000e+00
  3.8750e+02  0.0000e+00  0.0000e+00
  3.9550e+02  0.0000e+00  0.0000e+00
  4.0350e+02  0.0000e+00  0.0000e+00
  4.1150e+02  0.0000e+00  0.0000e+00
  4.1950e+02  0.0000e+00  0.0000e+00
  4.2750e+02  0.0000e+00  0.0000e+00
  4.3550e+02  0.0000e+00  0.0000e+00
  4.4350e+02  0.0000e+00  0.0000e+00
  4.5150e+02  0.0000e+00  0.0000e+00
  4.5950e+02  0.0000e+00  0.0000e+00
  4.6750e+02  0.0000e+00  0.0000e+00
  4.7550e+02  0.0000e+00  0.0000e+00
  4.8350e+02  0.0000e+00  0.0000e+00
  4.9150e+02  0.0000e+00  0.0000e+00
  4.9950e+02  0.0000e+00  0.0000e+00
  5.0750e+02  0.0000e+00  0.0000e+00
  5.1550e+02  0.0000e+00  0.0000e+00
  5.2350e+02  0.0000e+00  0.0000e+00
  5.3150e+02  0.0000e+00  0.0000e+00
  5.3950e+02  0.0000e+00  0.0000e+00
  5.4750e+02  0.0000e+00  0.0000e+00
  5.5550e+02  0.0000e+00  0.0000e+00
  5.6350e+02  0.0000e+00  0.0000e+00
  5.7150e+02  0.0000e+00  0.0000e+00
  5.7950e+02  0.0000e+00  0.0000e+00
  5.8750e+02  0.0000e+00  0.0000e+00
  5.9550e+02  0.0000e+00  0.0000e+00
  6.0350e+02  0.0000e+00  0.0000e+00
  6.1150e+02  0.0000e+00  0.0000e+00
  6.1950e+02  0.0000e+00  0.0000e+00
  6.2750e+02  0.0000e+00  0.0000e+00
  6.3550e+02  0.0000e+00  0.0000e+00
  6.4350e+02  0.0000e+00  0.0000e+00
  6.5150e+02  0.0000e+00  0.0000e+00
  6.5950e+02  0.0000e+00  0.0000e+00
  6.6750e+02  0.0000e+00  0.0000e+00
  6.7550e+02  0.0000e+00  0.0000e+00
  6.8350e+02  0.0000e+00  0.0000e+00
  6.9150e+02  0.0000e+00  0.0000e+00
  6.9950e+02  0.0000e+00  0.0000e+00
  7.0750e+02  0.0000e+00  0.0000e+00
  7.1550e+02  0.0000e+00  0.0000e+00
  7.2350e+02  0.0000e+00  0.0000e+00
  7.3150e+02  0.0000e+00  0.0000e+00
  7.3950e+02  0.0000e+00  0.0000e+00
  7.4750e+02  0.0000e+00  0.0000e+00
  7.5550e+02  0.0000e+00  0.0000e+00
  7.6350e+02  0.0000e+00  0.0000e+00
  7.7150e+02  0.0000e+00  0.0000e+00
  7.7950e+02  0.0000e+00  0.0000e+00
  7.8750e+02  0.0000e+00  0.0000e+00
  7.9550e+02  0.0000e+00  0.0000e+00
